608	1641	221	14	16	11	3100010	3102235	-118980308	-	GSAT_MM	Satellite	Satellite	-9	2220	1	5
608	1553	226	29	23	11	3102254	3104749	-118977794	-	GSAT_MM	Satellite	Satellite	-139	2508	1	5
608	1924	48	0	0	12	3109871	3110121	-117018901	+	GSAT_MM	Satellite	Satellite	22	271	-200	7
949	663	235	27	5	12	47833934	47834122	-72294900	+	GSAT_MM	Satellite	Satellite	162	353	-118	8
1096	1844	203	14	14	12	67059171	67059956	-53069066	+	GSAT_MM	Satellite	Satellite	1	785	0	8
1155	1691	194	15	10	12	74803837	74804505	-45324517	-	GSAT_MM	Satellite	Satellite	-185	671	1	8
633	355	201	9	0	13	6404633	6404743	-114016896	+	GSAT_MM	Satellite	Satellite	1	99	-372	9
1175	1136	47	0	0	13	77438909	77439057	-42982582	-	GSAT_MM	Satellite	Satellite	-264	207	60	1
733	3073	98	4	21	14	19415682	19419702	-105482542	+	GSAT_MM	Satellite	Satellite	1	3948	-2	1
668	816	188	5	14	16	10975067	10975283	-87232485	-	GSAT_MM	Satellite	Satellite	-81	390	177	1
607	506	225	7	0	18	3007516	3007667	-87694972	+	GSAT_MM	Satellite	Satellite	237	388	-83	1
1011	771	159	62	0	18	55939470	55939646	-34762993	-	GSAT_MM	Satellite	Satellite	-82	389	203	1
763	825	181	6	0	19	23357422	23357593	-38073973	+	GSAT_MM	Satellite	Satellite	211	382	-89	2
1337	2001	45	0	0	2	98662234	98662500	-83450724	-	GSAT_MM	Satellite	Satellite	0	471	206	2
1337	1201	66	0	0	2	98662827	98662993	-83450231	+	GSAT_MM	Satellite	Satellite	93	258	-213	2
1337	2277	75	12	3	2	98663641	98664091	-83449133	-	GSAT_MM	Satellite	Satellite	-129	453	1	2
1337	3461	38	0	15	2	98666544	98667332	-83445892	+	GSAT_MM	Satellite	Satellite	1	775	0	2
1016	1166	206	6	3	3	56575434	56575751	-103463929	-	GSAT_MM	Satellite	Satellite	-130	341	24	2
1347	998	232	13	10	3	99981094	99981394	-60058286	-	GSAT_MM	Satellite	Satellite	-153	318	18	2
608	1674	218	12	20	4	3089504	3091184	-153416932	+	GSAT_MM	Satellite	Satellite	1	1667	0	2
1121	779	145	0	0	4	70378116	70378254	-86129862	+	GSAT_MM	Satellite	Satellite	186	323	-148	2
585	1223	230	17	15	GL456216.1	49091	49497	-17176	-	GSAT_MM	Satellite	Satellite	-31	440	34	2
1379	293	118	20	0	5	104156487	104156538	-47678146	+	GSAT_MM	Satellite	Satellite	39	90	-381	3
1461	454	168	25	21	5	114922454	114922602	-36912082	-	GSAT_MM	Satellite	Satellite	-171	300	34	3
915	254	70	23	0	6	43343761	43343804	-106392742	+	GSAT_MM	Satellite	Satellite	25	68	-403	3
1048	479	176	9	0	6	60687222	60687330	-89049216	+	GSAT_MM	Satellite	Satellite	222	330	-141	3
761	1271	189	9	6	8	23095475	23095805	-106305408	+	GSAT_MM	Satellite	Satellite	56	386	-85	3
75	3299	84	3	2	9	3000002	3038419	-121556691	-	GSAT_MM	Satellite	Satellite	-1	38451	1	3
751	242	332	25	35	9	21878696	21878893	-102716217	-	GSAT_MM	Satellite	Satellite	-166	305	111	3
854	2737	92	8	15	9	35305205	35305609	-89289501	+	GSAT_MM	Satellite	Satellite	1	400	0	3
585	1392	241	24	40	GL456383.1	0	3719	-34940	-	GSAT_MM	Satellite	Satellite	-139	3659	1	4
585	1524	259	21	31	GL456383.1	3781	7611	-31048	-	GSAT_MM	Satellite	Satellite	0	3790	1	4
585	1242	268	30	24	GL456383.1	9186	10516	-28143	-	GSAT_MM	Satellite	Satellite	-6	1338	1	4
585	1623	252	21	40	GL456383.1	10537	13968	-24691	-	GSAT_MM	Satellite	Satellite	-331	3365	1	4
585	1500	241	14	24	GL456383.1	14484	16608	-22051	-	GSAT_MM	Satellite	Satellite	-97	2102	1	4
585	1686	238	22	14	GL456383.1	17617	20596	-18063	-	GSAT_MM	Satellite	Satellite	-138	3003	1	4
585	1554	238	28	12	GL456383.1	22376	24406	-14253	-	GSAT_MM	Satellite	Satellite	0	2062	1	4
585	1553	218	14	39	GL456383.1	24419	25184	-13475	-	GSAT_MM	Satellite	Satellite	-74	745	1	4
585	1563	238	13	18	GL456383.1	25215	25874	-12785	-	GSAT_MM	Satellite	Satellite	0	655	1	4
585	1901	217	26	13	GL456383.1	26985	30132	-8527	-	GSAT_MM	Satellite	Satellite	-182	3189	1	4
585	1720	216	18	13	GL456383.1	30520	32790	-5869	-	GSAT_MM	Satellite	Satellite	-336	2282	1	4
585	1702	216	28	8	GL456383.1	33743	35820	-2839	-	GSAT_MM	Satellite	Satellite	-13	2116	1	4
585	1649	235	11	13	GL456383.1	37164	38659	0	-	GSAT_MM	Satellite	Satellite	-90	1492	1	4
585	1741	236	18	17	GL456389.1	0	7069	-21703	-	GSAT_MM	Satellite	Satellite	-84	7076	1	4
585	3017	229	20	15	GL456389.1	8131	13964	-14808	-	GSAT_MM	Satellite	Satellite	-120	5861	1	4
585	1509	232	13	6	GL456389.1	15624	16393	-12379	-	GSAT_MM	Satellite	Satellite	-138	774	1	4
585	1611	222	13	26	GL456389.1	16510	17612	-11160	-	GSAT_MM	Satellite	Satellite	-126	1087	1	4
585	1653	218	13	14	GL456389.1	23733	24523	-4249	-	GSAT_MM	Satellite	Satellite	-90	789	1	4
585	1398	253	26	4	GL456390.1	36	655	-24013	+	GSAT_MM	Satellite	Satellite	1	632	0	4
585	1367	232	20	27	GL456390.1	3861	6549	-18119	+	GSAT_MM	Satellite	Satellite	1	2668	0	4
585	544	228	10	21	GL456390.1	6942	7135	-17533	+	GSAT_MM	Satellite	Satellite	120	310	-161	4
585	1427	231	29	18	GL456390.1	9532	10852	-13816	+	GSAT_MM	Satellite	Satellite	1	1333	0	4
585	1294	234	30	21	GL456390.1	13826	16251	-8417	+	GSAT_MM	Satellite	Satellite	1	2445	-1	4
585	1577	242	14	15	GL456390.1	17500	19677	-4991	+	GSAT_MM	Satellite	Satellite	1	2175	-1	4
585	1423	237	35	16	GL456390.1	20288	22169	-2499	+	GSAT_MM	Satellite	Satellite	1	1916	0	4
585	1617	226	19	14	GL456390.1	23282	24668	0	+	GSAT_MM	Satellite	Satellite	1	1391	0	4
585	1425	243	28	19	GL456392.1	18	2631	-20998	+	GSAT_MM	Satellite	Satellite	1	2635	0	4
585	1444	240	22	26	GL456392.1	8484	9620	-14009	+	GSAT_MM	Satellite	Satellite	1	1131	0	4
585	1276	239	14	43	GL456392.1	9636	11081	-12548	+	GSAT_MM	Satellite	Satellite	1	1402	0	4
585	1600	223	11	12	GL456392.1	11144	11809	-11820	+	GSAT_MM	Satellite	Satellite	1	664	0	4
585	1703	221	14	20	GL456392.1	14549	17683	-5946	+	GSAT_MM	Satellite	Satellite	1	3117	-17	4
585	3120	178	19	13	GL456392.1	17700	23627	-2	+	GSAT_MM	Satellite	Satellite	1	5962	0	4
585	1750	228	15	9	GL456393.1	0	2419	-53292	-	GSAT_MM	Satellite	Satellite	-180	2431	1	4
585	1663	237	23	18	GL456393.1	4960	10593	-45118	-	GSAT_MM	Satellite	Satellite	-216	5664	1	4
585	1129	234	36	17	GL456396.1	5553	6252	-14988	+	GSAT_MM	Satellite	Satellite	1	712	-1	4
585	1483	218	15	6	GL456396.1	6264	6689	-14551	+	GSAT_MM	Satellite	Satellite	1	429	-42	4
585	1483	237	29	47	GL456396.1	6712	7727	-13513	+	GSAT_MM	Satellite	Satellite	1	997	-1	4
585	1159	231	25	27	GL456396.1	8236	9178	-12062	+	GSAT_MM	Satellite	Satellite	1	939	-9	4
585	1419	249	20	17	GL456396.1	9262	15626	-5614	+	GSAT_MM	Satellite	Satellite	1	6385	0	4
585	1017	226	25	47	GL456396.1	20426	21223	-17	+	GSAT_MM	Satellite	Satellite	1	779	0	4
585	1307	228	10	24	JH584304.1	60178	60873	-53579	+	GSAT_MM	Satellite	Satellite	1	685	0	4
585	3390	76	1	2	JH584304.1	67397	114452	0	-	GSAT_MM	Satellite	Satellite	-83	47026	1	4
1162	1283	260	15	18	X	75644346	75646208	-95385091	-	GSAT_MM	Satellite	Satellite	-71	1856	1	4
1162	1282	234	24	29	X	75646918	75648066	-95383233	-	GSAT_MM	Satellite	Satellite	-73	1142	1	4
1162	1374	253	13	21	X	75648017	75652103	-95379196	-	GSAT_MM	Satellite	Satellite	-73	4052	1	4
1162	1223	253	16	15	X	75652116	75653380	-95377919	-	GSAT_MM	Satellite	Satellite	-73	1265	1	4
1162	1166	228	33	23	X	75654090	75654940	-95376359	-	GSAT_MM	Satellite	Satellite	-73	858	1	4
1162	1222	260	13	18	X	75654825	75657115	-95374184	-	GSAT_MM	Satellite	Satellite	-73	2277	1	4
1162	1172	227	30	23	X	75657052	75657984	-95373315	+	GSAT_MM	Satellite	Satellite	1	939	-20	4
1162	1223	252	16	16	X	75658694	75659960	-95371339	+	GSAT_MM	Satellite	Satellite	1	1265	0	4
1162	1374	248	11	23	X	75659973	75664057	-95367242	+	GSAT_MM	Satellite	Satellite	1	4038	0	4
1162	1357	247	8	25	X	75664133	75667344	-95363955	+	GSAT_MM	Satellite	Satellite	1	3158	0	4
1162	1146	259	9	14	X	75667408	75667928	-95363371	+	GSAT_MM	Satellite	Satellite	1	517	-7	4
1162	1130	274	22	31	X	75667988	75669227	-95362072	+	GSAT_MM	Satellite	Satellite	1	1227	-6	4
1162	661	285	14	31	X	75669219	75670125	-95361174	+	GSAT_MM	Satellite	Satellite	1	891	0	4
1162	895	255	44	37	X	75670326	75671466	-95359833	+	GSAT_MM	Satellite	Satellite	1	1060	-3	4
1162	826	257	26	36	X	75671452	75672542	-95358757	+	GSAT_MM	Satellite	Satellite	1	1079	0	4
